20090808-20090830    -282    -363.8871    22
20090808-20090921    -119    -157.2305    44
20090808-20091002    -269    -328.7819    55
20090808-20091024    -232    -294.5317    77
20090808-20091104     -47     -35.9367    88
20090808-20091115    -123    -113.2019    99
20090808-20091207     -88     -68.4679    121
20090808-20091218     -68     -42.3946    132
20090808-20100109    -136    -108.3475    154
20090808-20100120    -128    -107.4003    165
20090808-20100211    -149    -153.4692    187
20090808-20100222    -306    -356.7827    198
20090808-20100305    -320    -348.3522    209
20090808-20100316    -130    -103.3187    220
20090808-20100327     -74     -17.4661    231
20090808-20100407    -247    -333.1052    242
20090808-20100418    -164    -177.9709    253
20090808-20100429    -204    -230.5289    264
20090830-20090921     162     206.6608    22
20090830-20091002      12      35.1051    33
20090830-20091024      49      69.3624    55
20090830-20091104     234     327.9524    66
20090830-20091115     158     250.6844    77
20090830-20091207     193     295.4247    99
20090830-20091218     213     321.4963    110
20090830-20100109     146     255.5456    132
20090830-20100120     153     256.4901    143
20090830-20100211     132     210.4223    165
20090830-20100222     -24       7.1139    176
20090830-20100305     -38      15.5536    187
20090830-20100316     151     260.5722    198
20090830-20100327     207     346.4146    209
20090830-20100407      35      30.7892    220
20090830-20100418     117     185.9164    231
20090830-20100429      77     133.3590    242
20090921-20091002    -149    -171.5581    11
20090921-20091024    -112    -137.2989    33
20090921-20091104      71     121.2921    44
20090921-20091115      -4      44.0192    55
20090921-20091207      31      88.7628    77
20090921-20091218      51     114.8343    88
20090921-20100109     -16      48.8815    110
20090921-20100120      -9      49.8224    121
20090921-20100211     -30       3.7606    143
20090921-20100222    -187    -199.5488    154
20090921-20100305    -200    -191.1121    165
20090921-20100316     -10      53.9107    176
20090921-20100327      45     139.7637    187
20090921-20100407    -127    -175.8735    198
20090921-20100418     -44     -20.7487    209
20090921-20100429     -85     -73.3113    220
20091002-20091024      36      34.2578    22
20091002-20091104     221     292.8473    33
20091002-20091115     145     215.5732    44
20091002-20091207     180     260.3242    66
20091002-20091218     201     286.3966    77
20091002-20100109     133     220.4430    99
20091002-20100120     140     221.3880    110
20091002-20100211     119     175.3194    132
20091002-20100222     -37     -27.9929    143
20091002-20100305     -50     -19.5536    154
20091002-20100316     138     225.4731    165
20091002-20100327     194     311.3158    176
20091002-20100407      22      -4.3161    187
20091002-20100418     104     150.8143    198
20091002-20100429      64      98.2548    209
20091024-20091104     184     258.5926    11
20091024-20091115     108     181.3243    22
20091024-20091207     143     226.0641    44
20091024-20091218     164     252.1357    55
20091024-20100109      96     186.1814    77
20091024-20100120     103     187.1288    88
20091024-20100211      82     141.0590    110
20091024-20100222     -74     -62.2501    121
20091024-20100305     -87     -53.8100    132
20091024-20100316     101     191.2134    143
20091024-20100327     158     277.0623    154
20091024-20100407     -14     -38.5727    165
20091024-20100418      67     116.5532    176
20091024-20100429      27      63.9990    187
20091104-20091115     -75     -77.2733    11
20091104-20091207     -40     -32.5305    33
20091104-20091218     -20      -6.4580    44
20091104-20100109     -88     -72.4147    66
20091104-20100120     -81     -71.4705    77
20091104-20100211    -102    -117.5364    99
20091104-20100222    -259    -320.8553    110
20091104-20100305    -272    -312.4142    121
20091104-20100316     -82     -67.3856    132
20091104-20100327     -26      18.4689    143
20091104-20100407    -199    -297.1822    154
20091104-20100418    -116    -142.0445    165
20091104-20100429    -157    -194.6061    176
20091115-20091207      35      44.7433    22
20091115-20091218      55      70.8159    33
20091115-20100109     -12       4.8601    55
20091115-20100120      -5       5.8025    66
20091115-20100211     -26     -40.2619    88
20091115-20100222    -183    -243.5863    99
20091115-20100305    -196    -235.1478    110
20091115-20100316      -6       9.8899    121
20091115-20100327      49      95.7405    132
20091115-20100407    -123    -219.9042    143
20091115-20100418     -40     -64.7714    154
20091115-20100429     -81    -117.3336    165
20091207-20091218      20      26.0727    11
20091207-20100109     -47     -39.8838    33
20091207-20100120     -40     -38.9418    44
20091207-20100211     -61     -85.0067    66
20091207-20100222    -218    -288.3304    77
20091207-20100305    -231    -279.8918    88
20091207-20100316     -41     -34.8533    99
20091207-20100327      14      51.0006    110
20091207-20100407    -158    -264.6508    121
20091207-20100418     -75    -109.5139    132
20091207-20100429    -116    -162.0775    143
20091218-20100109     -67     -65.9583    22
20091218-20100120     -60     -65.0142    33
20091218-20100211     -81    -111.0810    55
20091218-20100222    -238    -314.4042    66
20091218-20100305    -251    -305.9620    77
20091218-20100316     -62     -60.9257    88
20091218-20100327      -6      24.9274    99
20091218-20100407    -178    -290.7205    110
20091218-20100418     -96    -135.5885    121
20091218-20100429    -136    -188.1510    132
20100109-20100120       7       0.9428    11
20100109-20100211     -13     -45.1226    33
20100109-20100222    -170    -248.4498    44
20100109-20100305    -184    -240.0249    55
20100109-20100316       5       5.0304    66
20100109-20100327      61      90.8878    77
20100109-20100407    -110    -224.7707    88
20100109-20100418     -28     -69.6326    99
20100109-20100429     -68    -122.1965    110
20100120-20100211     -20     -46.0639    22
20100120-20100222    -178    -249.3934    33
20100120-20100305    -191    -240.9542    44
20100120-20100316      -1       4.0869    55
20100120-20100327      54      89.9407    66
20100120-20100407    -118    -225.7128    77
20100120-20100418     -35     -70.5733    88
20100120-20100429     -75    -123.1365    99
20100211-20100222    -157    -203.3190    11
20100211-20100305    -170    -194.8841    22
20100211-20100316      19      50.1512    33
20100211-20100327      75     136.0074    44
20100211-20100407     -97    -179.6415    55
20100211-20100418     -14     -24.5105    66
20100211-20100429     -55     -77.0750    77
20100222-20100305     -13       8.4395    11
20100222-20100316     176     253.4681    22
20100222-20100327     232     339.3249    33
20100222-20100407      59      23.6802    44
20100222-20100418     142     178.8098    55
20100222-20100429     102     126.2530    66
20100305-20100316     189     245.0317    11
20100305-20100327     245     330.8915    22
20100305-20100407      73      15.2423    33
20100305-20100418     155     170.3769    44
20100305-20100429     115     117.8157    55
20100316-20100327      56      85.8539    11
20100316-20100407    -116    -229.7989    22
20100316-20100418     -33     -74.6641    33
20100316-20100429     -74    -127.2279    44
20100327-20100407    -172    -315.6663    11
20100327-20100418     -90    -160.5214    22
20100327-20100429    -130    -213.0784    33
20100407-20100418      82     155.1250    11
20100407-20100429      42     102.5684    22
20100418-20100429     -40     -52.5601    11
