20090808-20090830    -282    -363.8871    22
20090808-20090921    -119    -157.2305    44
20090808-20091002    -269    -328.7819    55
20090808-20091024    -232    -294.5317    77
20090830-20090921     162     206.6608    22
20090830-20091002      12      35.1051    33
20090830-20091024      49      69.3624    55
20090830-20091104     234     327.9524    66
20090830-20091115     158     250.6844    77
20090921-20091002    -149    -171.5581    11
20090921-20091024    -112    -137.2989    33
20090921-20091104      71     121.2921    44
20090921-20091115      -4      44.0192    55
20090921-20091207      31      88.7628    77
20091002-20091024      36      34.2578    22
20091002-20091104     221     292.8473    33
20091002-20091115     145     215.5732    44
20091002-20091207     180     260.3242    66
20091002-20091218     201     286.3966    77
20091024-20091104     184     258.5926    11
20091024-20091115     108     181.3243    22
20091024-20091207     143     226.0641    44
20091024-20091218     164     252.1357    55
20091024-20100109      96     186.1814    77
20091104-20091115     -75     -77.2733    11
20091104-20091207     -40     -32.5305    33
20091104-20091218     -20      -6.4580    44
20091104-20100109     -88     -72.4147    66
20091104-20100120     -81     -71.4705    77
20091115-20091207      35      44.7433    22
20091115-20091218      55      70.8159    33
20091115-20100109     -12       4.8601    55
20091115-20100120      -5       5.8025    66
20091207-20091218      20      26.0727    11
20091207-20100109     -47     -39.8838    33
20091207-20100120     -40     -38.9418    44
20091207-20100211     -61     -85.0067    66
20091207-20100222    -218    -288.3304    77
20091218-20100109     -67     -65.9583    22
20091218-20100120     -60     -65.0142    33
20091218-20100211     -81    -111.0810    55
20091218-20100222    -238    -314.4042    66
20091218-20100305    -251    -305.9620    77
20100109-20100120       7       0.9428    11
20100109-20100211     -13     -45.1226    33
20100109-20100222    -170    -248.4498    44
20100109-20100305    -184    -240.0249    55
20100109-20100316       5       5.0304    66
20100109-20100327      61      90.8878    77
20100120-20100211     -20     -46.0639    22
20100120-20100222    -178    -249.3934    33
20100120-20100305    -191    -240.9542    44
20100120-20100316      -1       4.0869    55
20100120-20100327      54      89.9407    66
20100120-20100407    -118    -225.7128    77
20100211-20100222    -157    -203.3190    11
20100211-20100305    -170    -194.8841    22
20100211-20100316      19      50.1512    33
20100211-20100327      75     136.0074    44
20100211-20100407     -97    -179.6415    55
20100211-20100418     -14     -24.5105    66
20100211-20100429     -55     -77.0750    77
20100222-20100305     -13       8.4395    11
20100222-20100316     176     253.4681    22
20100222-20100327     232     339.3249    33
20100222-20100407      59      23.6802    44
20100222-20100418     142     178.8098    55
20100222-20100429     102     126.2530    66
20100305-20100316     189     245.0317    11
20100305-20100327     245     330.8915    22
20100305-20100407      73      15.2423    33
20100305-20100418     155     170.3769    44
20100305-20100429     115     117.8157    55
20100316-20100327      56      85.8539    11
20100316-20100407    -116    -229.7989    22
20100316-20100418     -33     -74.6641    33
20100316-20100429     -74    -127.2279    44
20100327-20100407    -172    -315.6663    11
20100327-20100418     -90    -160.5214    22
20100327-20100429    -130    -213.0784    33
20100407-20100418      82     155.1250    11
20100407-20100429      42     102.5684    22
20100418-20100429     -40     -52.5601    11
